(kicad_pcb (version 20171130) (host pcbnew "(5.1.2)-1")

  (general
    (thickness 1.6)
    (drawings 8)
    (tracks 74)
    (zones 0)
    (modules 30)
    (nets 17)
  )

  (page A4)
  (layers
    (0 F.Cu signal)
    (31 B.Cu signal)
    (32 B.Adhes user)
    (33 F.Adhes user)
    (34 B.Paste user)
    (35 F.Paste user)
    (36 B.SilkS user)
    (37 F.SilkS user)
    (38 B.Mask user)
    (39 F.Mask user)
    (40 Dwgs.User user)
    (41 Cmts.User user)
    (42 Eco1.User user)
    (43 Eco2.User user)
    (44 Edge.Cuts user)
    (45 Margin user)
    (46 B.CrtYd user)
    (47 F.CrtYd user)
    (48 B.Fab user)
    (49 F.Fab user)
  )

  (setup
    (last_trace_width 1)
    (user_trace_width 1)
    (user_trace_width 1.5)
    (trace_clearance 0.2)
    (zone_clearance 0.508)
    (zone_45_only no)
    (trace_min 0.2)
    (via_size 0.8)
    (via_drill 0.4)
    (via_min_size 0.4)
    (via_min_drill 0.3)
    (user_via 6 3)
    (uvia_size 0.3)
    (uvia_drill 0.1)
    (uvias_allowed no)
    (uvia_min_size 0.2)
    (uvia_min_drill 0.1)
    (edge_width 0.05)
    (segment_width 0.2)
    (pcb_text_width 0.3)
    (pcb_text_size 1.5 1.5)
    (mod_edge_width 0.12)
    (mod_text_size 1 1)
    (mod_text_width 0.15)
    (pad_size 1.524 1.524)
    (pad_drill 0.762)
    (pad_to_mask_clearance 0.051)
    (solder_mask_min_width 0.25)
    (aux_axis_origin 0 0)
    (visible_elements 7FFFFFFF)
    (pcbplotparams
      (layerselection 0x01000_fffffffe)
      (usegerberextensions false)
      (usegerberattributes false)
      (usegerberadvancedattributes false)
      (creategerberjobfile false)
      (excludeedgelayer true)
      (linewidth 0.100000)
      (plotframeref false)
      (viasonmask false)
      (mode 1)
      (useauxorigin false)
      (hpglpennumber 1)
      (hpglpenspeed 20)
      (hpglpendiameter 15.000000)
      (psnegative false)
      (psa4output false)
      (plotreference true)
      (plotvalue true)
      (plotinvisibletext false)
      (padsonsilk false)
      (subtractmaskfromsilk false)
      (outputformat 1)
      (mirror false)
      (drillshape 0)
      (scaleselection 1)
      (outputdirectory "C:/Users/81906/Desktop/NT-19/手抜き5Vout電源基板/手抜き5vout_電源/加工ファイル(手抜き電源基板)/"))
  )

  (net 0 "")
  (net 1 +5V)
  (net 2 GND)
  (net 3 batt+)
  (net 4 GNDPWR)
  (net 5 Coil)
  (net 6 "Net-(D2-Pad2)")
  (net 7 "Net-(D3-Pad2)")
  (net 8 "Net-(D4-Pad2)")
  (net 9 "Net-(D5-Pad2)")
  (net 10 "Net-(D6-Pad2)")
  (net 11 "Net-(D7-Pad2)")
  (net 12 OUT)
  (net 13 +BATT)
  (net 14 "Net-(P8-Pad1)")
  (net 15 "Net-(U2-Pad5)")
  (net 16 "Net-(D1-Pad3)")

  (net_class Default "これはデフォルトのネット クラスです。"
    (clearance 0.2)
    (trace_width 0.25)
    (via_dia 0.8)
    (via_drill 0.4)
    (uvia_dia 0.3)
    (uvia_drill 0.1)
    (add_net +5V)
    (add_net +BATT)
    (add_net Coil)
    (add_net GND)
    (add_net GNDPWR)
    (add_net "Net-(D1-Pad3)")
    (add_net "Net-(D2-Pad2)")
    (add_net "Net-(D3-Pad2)")
    (add_net "Net-(D4-Pad2)")
    (add_net "Net-(D5-Pad2)")
    (add_net "Net-(D6-Pad2)")
    (add_net "Net-(D7-Pad2)")
    (add_net "Net-(P8-Pad1)")
    (add_net "Net-(U2-Pad5)")
    (add_net OUT)
    (add_net batt+)
  )

  (module Capacitor_SMD:C_0603_1608Metric (layer B.Cu) (tedit 5B301BBE) (tstamp 5D12FB55)
    (at 153.75 89 270)
    (descr "Capacitor SMD 0603 (1608 Metric), square (rectangular) end terminal, IPC_7351 nominal, (Body size source: http://www.tortai-tech.com/upload/download/2011102023233369053.pdf), generated with kicad-footprint-generator")
    (tags capacitor)
    (path /5D12E1D0)
    (attr smd)
    (fp_text reference C1 (at 0 1.43 90) (layer B.SilkS)
      (effects (font (size 1 1) (thickness 0.15)) (justify mirror))
    )
    (fp_text value C (at 0 -1.43 90) (layer B.Fab)
      (effects (font (size 1 1) (thickness 0.15)) (justify mirror))
    )
    (fp_text user %R (at 0 0 90) (layer B.Fab)
      (effects (font (size 0.4 0.4) (thickness 0.06)) (justify mirror))
    )
    (fp_line (start 1.48 -0.73) (end -1.48 -0.73) (layer B.CrtYd) (width 0.05))
    (fp_line (start 1.48 0.73) (end 1.48 -0.73) (layer B.CrtYd) (width 0.05))
    (fp_line (start -1.48 0.73) (end 1.48 0.73) (layer B.CrtYd) (width 0.05))
    (fp_line (start -1.48 -0.73) (end -1.48 0.73) (layer B.CrtYd) (width 0.05))
    (fp_line (start -0.162779 -0.51) (end 0.162779 -0.51) (layer B.SilkS) (width 0.12))
    (fp_line (start -0.162779 0.51) (end 0.162779 0.51) (layer B.SilkS) (width 0.12))
    (fp_line (start 0.8 -0.4) (end -0.8 -0.4) (layer B.Fab) (width 0.1))
    (fp_line (start 0.8 0.4) (end 0.8 -0.4) (layer B.Fab) (width 0.1))
    (fp_line (start -0.8 0.4) (end 0.8 0.4) (layer B.Fab) (width 0.1))
    (fp_line (start -0.8 -0.4) (end -0.8 0.4) (layer B.Fab) (width 0.1))
    (pad 2 smd roundrect (at 0.7875 0 270) (size 0.875 0.95) (layers B.Cu B.Paste B.Mask) (roundrect_rratio 0.25)
      (net 1 +5V))
    (pad 1 smd roundrect (at -0.7875 0 270) (size 0.875 0.95) (layers B.Cu B.Paste B.Mask) (roundrect_rratio 0.25)
      (net 2 GND))
    (model ${KISYS3DMOD}/Capacitor_SMD.3dshapes/C_0603_1608Metric.wrl
      (at (xyz 0 0 0))
      (scale (xyz 1 1 1))
      (rotate (xyz 0 0 0))
    )
  )

  (module Capacitor_SMD:C_0603_1608Metric (layer B.Cu) (tedit 5B301BBE) (tstamp 5D12F4AA)
    (at 154 111.5 270)
    (descr "Capacitor SMD 0603 (1608 Metric), square (rectangular) end terminal, IPC_7351 nominal, (Body size source: http://www.tortai-tech.com/upload/download/2011102023233369053.pdf), generated with kicad-footprint-generator")
    (tags capacitor)
    (path /5D12FB2C)
    (attr smd)
    (fp_text reference C2 (at 0 1.43 90) (layer B.SilkS)
      (effects (font (size 1 1) (thickness 0.15)) (justify mirror))
    )
    (fp_text value C (at 0 -1.43 90) (layer B.Fab)
      (effects (font (size 1 1) (thickness 0.15)) (justify mirror))
    )
    (fp_line (start -0.8 -0.4) (end -0.8 0.4) (layer B.Fab) (width 0.1))
    (fp_line (start -0.8 0.4) (end 0.8 0.4) (layer B.Fab) (width 0.1))
    (fp_line (start 0.8 0.4) (end 0.8 -0.4) (layer B.Fab) (width 0.1))
    (fp_line (start 0.8 -0.4) (end -0.8 -0.4) (layer B.Fab) (width 0.1))
    (fp_line (start -0.162779 0.51) (end 0.162779 0.51) (layer B.SilkS) (width 0.12))
    (fp_line (start -0.162779 -0.51) (end 0.162779 -0.51) (layer B.SilkS) (width 0.12))
    (fp_line (start -1.48 -0.73) (end -1.48 0.73) (layer B.CrtYd) (width 0.05))
    (fp_line (start -1.48 0.73) (end 1.48 0.73) (layer B.CrtYd) (width 0.05))
    (fp_line (start 1.48 0.73) (end 1.48 -0.73) (layer B.CrtYd) (width 0.05))
    (fp_line (start 1.48 -0.73) (end -1.48 -0.73) (layer B.CrtYd) (width 0.05))
    (fp_text user %R (at 0 0 90) (layer B.Fab)
      (effects (font (size 0.4 0.4) (thickness 0.06)) (justify mirror))
    )
    (pad 1 smd roundrect (at -0.7875 0 270) (size 0.875 0.95) (layers B.Cu B.Paste B.Mask) (roundrect_rratio 0.25)
      (net 2 GND))
    (pad 2 smd roundrect (at 0.7875 0 270) (size 0.875 0.95) (layers B.Cu B.Paste B.Mask) (roundrect_rratio 0.25)
      (net 1 +5V))
    (model ${KISYS3DMOD}/Capacitor_SMD.3dshapes/C_0603_1608Metric.wrl
      (at (xyz 0 0 0))
      (scale (xyz 1 1 1))
      (rotate (xyz 0 0 0))
    )
  )

  (module Capacitor_SMD:C_0603_1608Metric (layer B.Cu) (tedit 5B301BBE) (tstamp 5D12F50A)
    (at 158.25 104 270)
    (descr "Capacitor SMD 0603 (1608 Metric), square (rectangular) end terminal, IPC_7351 nominal, (Body size source: http://www.tortai-tech.com/upload/download/2011102023233369053.pdf), generated with kicad-footprint-generator")
    (tags capacitor)
    (path /5D131287)
    (attr smd)
    (fp_text reference C3 (at 0 1.43 90) (layer B.SilkS)
      (effects (font (size 1 1) (thickness 0.15)) (justify mirror))
    )
    (fp_text value C (at 0 -1.43 90) (layer B.Fab)
      (effects (font (size 1 1) (thickness 0.15)) (justify mirror))
    )
    (fp_line (start -0.8 -0.4) (end -0.8 0.4) (layer B.Fab) (width 0.1))
    (fp_line (start -0.8 0.4) (end 0.8 0.4) (layer B.Fab) (width 0.1))
    (fp_line (start 0.8 0.4) (end 0.8 -0.4) (layer B.Fab) (width 0.1))
    (fp_line (start 0.8 -0.4) (end -0.8 -0.4) (layer B.Fab) (width 0.1))
    (fp_line (start -0.162779 0.51) (end 0.162779 0.51) (layer B.SilkS) (width 0.12))
    (fp_line (start -0.162779 -0.51) (end 0.162779 -0.51) (layer B.SilkS) (width 0.12))
    (fp_line (start -1.48 -0.73) (end -1.48 0.73) (layer B.CrtYd) (width 0.05))
    (fp_line (start -1.48 0.73) (end 1.48 0.73) (layer B.CrtYd) (width 0.05))
    (fp_line (start 1.48 0.73) (end 1.48 -0.73) (layer B.CrtYd) (width 0.05))
    (fp_line (start 1.48 -0.73) (end -1.48 -0.73) (layer B.CrtYd) (width 0.05))
    (fp_text user %R (at 0 0 90) (layer B.Fab)
      (effects (font (size 0.4 0.4) (thickness 0.06)) (justify mirror))
    )
    (pad 1 smd roundrect (at -0.7875 0 270) (size 0.875 0.95) (layers B.Cu B.Paste B.Mask) (roundrect_rratio 0.25)
      (net 2 GND))
    (pad 2 smd roundrect (at 0.7875 0 270) (size 0.875 0.95) (layers B.Cu B.Paste B.Mask) (roundrect_rratio 0.25)
      (net 1 +5V))
    (model ${KISYS3DMOD}/Capacitor_SMD.3dshapes/C_0603_1608Metric.wrl
      (at (xyz 0 0 0))
      (scale (xyz 1 1 1))
      (rotate (xyz 0 0 0))
    )
  )

  (module Capacitor_SMD:C_0603_1608Metric (layer B.Cu) (tedit 5B301BBE) (tstamp 5D12F53A)
    (at 154 96.5 270)
    (descr "Capacitor SMD 0603 (1608 Metric), square (rectangular) end terminal, IPC_7351 nominal, (Body size source: http://www.tortai-tech.com/upload/download/2011102023233369053.pdf), generated with kicad-footprint-generator")
    (tags capacitor)
    (path /5D1312B3)
    (attr smd)
    (fp_text reference C4 (at 0 1.43 90) (layer B.SilkS)
      (effects (font (size 1 1) (thickness 0.15)) (justify mirror))
    )
    (fp_text value C (at 0 -1.43 90) (layer B.Fab)
      (effects (font (size 1 1) (thickness 0.15)) (justify mirror))
    )
    (fp_text user %R (at 0 0 90) (layer B.Fab)
      (effects (font (size 0.4 0.4) (thickness 0.06)) (justify mirror))
    )
    (fp_line (start 1.48 -0.73) (end -1.48 -0.73) (layer B.CrtYd) (width 0.05))
    (fp_line (start 1.48 0.73) (end 1.48 -0.73) (layer B.CrtYd) (width 0.05))
    (fp_line (start -1.48 0.73) (end 1.48 0.73) (layer B.CrtYd) (width 0.05))
    (fp_line (start -1.48 -0.73) (end -1.48 0.73) (layer B.CrtYd) (width 0.05))
    (fp_line (start -0.162779 -0.51) (end 0.162779 -0.51) (layer B.SilkS) (width 0.12))
    (fp_line (start -0.162779 0.51) (end 0.162779 0.51) (layer B.SilkS) (width 0.12))
    (fp_line (start 0.8 -0.4) (end -0.8 -0.4) (layer B.Fab) (width 0.1))
    (fp_line (start 0.8 0.4) (end 0.8 -0.4) (layer B.Fab) (width 0.1))
    (fp_line (start -0.8 0.4) (end 0.8 0.4) (layer B.Fab) (width 0.1))
    (fp_line (start -0.8 -0.4) (end -0.8 0.4) (layer B.Fab) (width 0.1))
    (pad 2 smd roundrect (at 0.7875 0 270) (size 0.875 0.95) (layers B.Cu B.Paste B.Mask) (roundrect_rratio 0.25)
      (net 1 +5V))
    (pad 1 smd roundrect (at -0.7875 0 270) (size 0.875 0.95) (layers B.Cu B.Paste B.Mask) (roundrect_rratio 0.25)
      (net 2 GND))
    (model ${KISYS3DMOD}/Capacitor_SMD.3dshapes/C_0603_1608Metric.wrl
      (at (xyz 0 0 0))
      (scale (xyz 1 1 1))
      (rotate (xyz 0 0 0))
    )
  )

  (module Capacitor_THT:C_Radial_D10.0mm_H16.0mm_P5.00mm (layer F.Cu) (tedit 5BC5C9BA) (tstamp 5D10E104)
    (at 117.5 88.5 90)
    (descr "C, Radial series, Radial, pin pitch=5.00mm, diameter=10mm, height=16mm, Non-Polar Electrolytic Capacitor")
    (tags "C Radial series Radial pin pitch 5.00mm diameter 10mm height 16mm Non-Polar Electrolytic Capacitor")
    (path /5D106695)
    (fp_text reference C5 (at 2.5 -6.25 90) (layer F.SilkS)
      (effects (font (size 1 1) (thickness 0.15)))
    )
    (fp_text value 470u (at 2.5 6.25 90) (layer F.Fab)
      (effects (font (size 1 1) (thickness 0.15)))
    )
    (fp_circle (center 2.5 0) (end 7.5 0) (layer F.Fab) (width 0.1))
    (fp_circle (center 2.5 0) (end 7.62 0) (layer F.SilkS) (width 0.12))
    (fp_circle (center 2.5 0) (end 7.75 0) (layer F.CrtYd) (width 0.05))
    (fp_text user %R (at 2.5 0 90) (layer F.Fab)
      (effects (font (size 1 1) (thickness 0.15)))
    )
    (pad 1 thru_hole circle (at 0 0 90) (size 1.6 1.6) (drill 0.8) (layers *.Cu *.Mask)
      (net 3 batt+))
    (pad 2 thru_hole circle (at 5 0 90) (size 1.6 1.6) (drill 0.8) (layers *.Cu *.Mask)
      (net 4 GNDPWR))
    (model ${KISYS3DMOD}/Capacitor_THT.3dshapes/C_Radial_D10.0mm_H16.0mm_P5.00mm.wrl
      (at (xyz 0 0 0))
      (scale (xyz 1 1 1))
      (rotate (xyz 0 0 0))
    )
  )

  (module Capacitor_THT:C_Radial_D10.0mm_H16.0mm_P5.00mm (layer F.Cu) (tedit 5BC5C9BA) (tstamp 5D10E10E)
    (at 147 111 270)
    (descr "C, Radial series, Radial, pin pitch=5.00mm, diameter=10mm, height=16mm, Non-Polar Electrolytic Capacitor")
    (tags "C Radial series Radial pin pitch 5.00mm diameter 10mm height 16mm Non-Polar Electrolytic Capacitor")
    (path /5D10D33F)
    (fp_text reference C6 (at 2.5 -6.25 90) (layer F.SilkS)
      (effects (font (size 1 1) (thickness 0.15)))
    )
    (fp_text value 470u (at 2.5 6.25 90) (layer F.Fab)
      (effects (font (size 1 1) (thickness 0.15)))
    )
    (fp_text user %R (at 2.5 0 90) (layer F.Fab)
      (effects (font (size 1 1) (thickness 0.15)))
    )
    (fp_circle (center 2.5 0) (end 7.75 0) (layer F.CrtYd) (width 0.05))
    (fp_circle (center 2.5 0) (end 7.62 0) (layer F.SilkS) (width 0.12))
    (fp_circle (center 2.5 0) (end 7.5 0) (layer F.Fab) (width 0.1))
    (pad 2 thru_hole circle (at 5 0 270) (size 1.6 1.6) (drill 0.8) (layers *.Cu *.Mask)
      (net 2 GND))
    (pad 1 thru_hole circle (at 0 0 270) (size 1.6 1.6) (drill 0.8) (layers *.Cu *.Mask)
      (net 1 +5V))
    (model ${KISYS3DMOD}/Capacitor_THT.3dshapes/C_Radial_D10.0mm_H16.0mm_P5.00mm.wrl
      (at (xyz 0 0 0))
      (scale (xyz 1 1 1))
      (rotate (xyz 0 0 0))
    )
  )

  (module Package_TO_SOT_SMD:TO-277B (layer B.Cu) (tedit 5A747234) (tstamp 5D10E134)
    (at 106 91.25)
    (descr "TO-227B https://media.digikey.com/pdf/Data%20Sheets/Littelfuse%20PDFs/DST2050S.pdf")
    (tags TO-277B)
    (path /5D10B9D0)
    (attr smd)
    (fp_text reference D1 (at 0 4.6 180) (layer B.SilkS)
      (effects (font (size 1 1) (thickness 0.15)) (justify mirror))
    )
    (fp_text value SBRDIODE (at 0 -4.7 180) (layer B.Fab)
      (effects (font (size 1 1) (thickness 0.15)) (justify mirror))
    )
    (fp_text user %R (at 0 0) (layer B.Fab)
      (effects (font (size 0.9 0.9) (thickness 0.15)) (justify mirror))
    )
    (fp_line (start 2.11 2.81) (end 1.7 2.81) (layer B.SilkS) (width 0.12))
    (fp_line (start -1.7 2.81) (end -2.11 2.81) (layer B.SilkS) (width 0.12))
    (fp_line (start -2.11 2.81) (end -2.11 -2.81) (layer B.SilkS) (width 0.12))
    (fp_line (start 2.11 -2.81) (end 2.11 2.81) (layer B.SilkS) (width 0.12))
    (fp_line (start 1.99 -2.69) (end 1.99 2.69) (layer B.Fab) (width 0.1))
    (fp_line (start 1.99 2.69) (end -1 2.69) (layer B.Fab) (width 0.1))
    (fp_line (start -1.99 1.69) (end -1.99 -2.69) (layer B.Fab) (width 0.1))
    (fp_line (start -1.99 -2.69) (end 1.99 -2.69) (layer B.Fab) (width 0.1))
    (fp_line (start 1.85 -3.9) (end -1.85 -3.9) (layer B.CrtYd) (width 0.05))
    (fp_line (start 2.24 -2.94) (end 2.24 2.94) (layer B.CrtYd) (width 0.05))
    (fp_line (start -2.24 2.94) (end -2.24 -2.94) (layer B.CrtYd) (width 0.05))
    (fp_line (start -1.7 3.9) (end 1.7 3.9) (layer B.CrtYd) (width 0.05))
    (fp_line (start -1.7 2.81) (end -1.7 3.6) (layer B.SilkS) (width 0.12))
    (fp_line (start 2.11 -2.81) (end 1.85 -2.81) (layer B.SilkS) (width 0.12))
    (fp_line (start -1.85 -2.81) (end -2.11 -2.81) (layer B.SilkS) (width 0.12))
    (fp_line (start -1.99 1.69) (end -0.99 2.69) (layer B.Fab) (width 0.1))
    (fp_line (start -2.24 2.94) (end -1.7 2.94) (layer B.CrtYd) (width 0.05))
    (fp_line (start -1.7 2.94) (end -1.7 3.9) (layer B.CrtYd) (width 0.05))
    (fp_line (start 1.7 2.94) (end 1.7 3.9) (layer B.CrtYd) (width 0.05))
    (fp_line (start 1.7 2.94) (end 2.24 2.94) (layer B.CrtYd) (width 0.05))
    (fp_line (start -2.24 -2.94) (end -1.85 -2.94) (layer B.CrtYd) (width 0.05))
    (fp_line (start -1.85 -3.9) (end -1.85 -2.94) (layer B.CrtYd) (width 0.05))
    (fp_line (start 1.85 -3.9) (end 1.85 -2.94) (layer B.CrtYd) (width 0.05))
    (fp_line (start 1.85 -2.94) (end 2.24 -2.94) (layer B.CrtYd) (width 0.05))
    (pad 1 smd rect (at -0.97 3.15) (size 0.95 1) (layers B.Cu B.Paste B.Mask)
      (net 13 +BATT))
    (pad 3 smd rect (at 0 -1.2) (size 3.2 4.9) (layers B.Cu B.Mask)
      (net 16 "Net-(D1-Pad3)"))
    (pad 2 smd rect (at 0.97 3.15) (size 0.95 1) (layers B.Cu B.Paste B.Mask)
      (net 13 +BATT))
    (pad "" smd rect (at -0.9 0.6) (size 1.3 1.2) (layers B.Paste))
    (pad "" smd rect (at -0.9 -1.2) (size 1.3 1.2) (layers B.Paste))
    (pad "" smd rect (at 0.9 0.6) (size 1.3 1.2) (layers B.Paste))
    (pad "" smd rect (at 0.9 -1.2) (size 1.3 1.2) (layers B.Paste))
    (pad "" smd rect (at -0.9 -3) (size 1.3 1.2) (layers B.Paste))
    (pad "" smd rect (at 0.9 -3) (size 1.3 1.2) (layers B.Paste))
    (model ${KISYS3DMOD}/Package_TO_SOT_SMD.3dshapes/TO-277B.wrl
      (at (xyz 0 0 0))
      (scale (xyz 1 1 1))
      (rotate (xyz 0 0 0))
    )
  )

  (module Diode_SMD:D_SOD-123 (layer B.Cu) (tedit 58645DC7) (tstamp 5D10E14D)
    (at 107.5 109 180)
    (descr SOD-123)
    (tags SOD-123)
    (path /5D10EF79)
    (attr smd)
    (fp_text reference D2 (at 0 2) (layer B.SilkS)
      (effects (font (size 1 1) (thickness 0.15)) (justify mirror))
    )
    (fp_text value DIODE (at 0 -2.1) (layer B.Fab)
      (effects (font (size 1 1) (thickness 0.15)) (justify mirror))
    )
    (fp_text user %R (at 0 2) (layer B.Fab)
      (effects (font (size 1 1) (thickness 0.15)) (justify mirror))
    )
    (fp_line (start -2.25 1) (end -2.25 -1) (layer B.SilkS) (width 0.12))
    (fp_line (start 0.25 0) (end 0.75 0) (layer B.Fab) (width 0.1))
    (fp_line (start 0.25 -0.4) (end -0.35 0) (layer B.Fab) (width 0.1))
    (fp_line (start 0.25 0.4) (end 0.25 -0.4) (layer B.Fab) (width 0.1))
    (fp_line (start -0.35 0) (end 0.25 0.4) (layer B.Fab) (width 0.1))
    (fp_line (start -0.35 0) (end -0.35 -0.55) (layer B.Fab) (width 0.1))
    (fp_line (start -0.35 0) (end -0.35 0.55) (layer B.Fab) (width 0.1))
    (fp_line (start -0.75 0) (end -0.35 0) (layer B.Fab) (width 0.1))
    (fp_line (start -1.4 -0.9) (end -1.4 0.9) (layer B.Fab) (width 0.1))
    (fp_line (start 1.4 -0.9) (end -1.4 -0.9) (layer B.Fab) (width 0.1))
    (fp_line (start 1.4 0.9) (end 1.4 -0.9) (layer B.Fab) (width 0.1))
    (fp_line (start -1.4 0.9) (end 1.4 0.9) (layer B.Fab) (width 0.1))
    (fp_line (start -2.35 1.15) (end 2.35 1.15) (layer B.CrtYd) (width 0.05))
    (fp_line (start 2.35 1.15) (end 2.35 -1.15) (layer B.CrtYd) (width 0.05))
    (fp_line (start 2.35 -1.15) (end -2.35 -1.15) (layer B.CrtYd) (width 0.05))
    (fp_line (start -2.35 1.15) (end -2.35 -1.15) (layer B.CrtYd) (width 0.05))
    (fp_line (start -2.25 -1) (end 1.65 -1) (layer B.SilkS) (width 0.12))
    (fp_line (start -2.25 1) (end 1.65 1) (layer B.SilkS) (width 0.12))
    (pad 1 smd rect (at -1.65 0 180) (size 0.9 1.2) (layers B.Cu B.Paste B.Mask)
      (net 5 Coil))
    (pad 2 smd rect (at 1.65 0 180) (size 0.9 1.2) (layers B.Cu B.Paste B.Mask)
      (net 6 "Net-(D2-Pad2)"))
    (model ${KISYS3DMOD}/Diode_SMD.3dshapes/D_SOD-123.wrl
      (at (xyz 0 0 0))
      (scale (xyz 1 1 1))
      (rotate (xyz 0 0 0))
    )
  )

  (module LED_THT:LED_D3.0mm (layer F.Cu) (tedit 587A3A7B) (tstamp 5D10E160)
    (at 84.96 89.25)
    (descr "LED, diameter 3.0mm, 2 pins")
    (tags "LED diameter 3.0mm 2 pins")
    (path /5D111C22)
    (fp_text reference D3 (at 1.27 -2.96) (layer F.SilkS)
      (effects (font (size 1 1) (thickness 0.15)))
    )
    (fp_text value LED (at 1.27 2.96) (layer F.Fab)
      (effects (font (size 1 1) (thickness 0.15)))
    )
    (fp_arc (start 1.27 0) (end -0.23 -1.16619) (angle 284.3) (layer F.Fab) (width 0.1))
    (fp_arc (start 1.27 0) (end -0.29 -1.235516) (angle 108.8) (layer F.SilkS) (width 0.12))
    (fp_arc (start 1.27 0) (end -0.29 1.235516) (angle -108.8) (layer F.SilkS) (width 0.12))
    (fp_arc (start 1.27 0) (end 0.229039 -1.08) (angle 87.9) (layer F.SilkS) (width 0.12))
    (fp_arc (start 1.27 0) (end 0.229039 1.08) (angle -87.9) (layer F.SilkS) (width 0.12))
    (fp_circle (center 1.27 0) (end 2.77 0) (layer F.Fab) (width 0.1))
    (fp_line (start -0.23 -1.16619) (end -0.23 1.16619) (layer F.Fab) (width 0.1))
    (fp_line (start -0.29 -1.236) (end -0.29 -1.08) (layer F.SilkS) (width 0.12))
    (fp_line (start -0.29 1.08) (end -0.29 1.236) (layer F.SilkS) (width 0.12))
    (fp_line (start -1.15 -2.25) (end -1.15 2.25) (layer F.CrtYd) (width 0.05))
    (fp_line (start -1.15 2.25) (end 3.7 2.25) (layer F.CrtYd) (width 0.05))
    (fp_line (start 3.7 2.25) (end 3.7 -2.25) (layer F.CrtYd) (width 0.05))
    (fp_line (start 3.7 -2.25) (end -1.15 -2.25) (layer F.CrtYd) (width 0.05))
    (pad 1 thru_hole rect (at 0 0) (size 1.8 1.8) (drill 0.9) (layers *.Cu *.Mask)
      (net 4 GNDPWR))
    (pad 2 thru_hole circle (at 2.54 0) (size 1.8 1.8) (drill 0.9) (layers *.Cu *.Mask)
      (net 7 "Net-(D3-Pad2)"))
    (model ${KISYS3DMOD}/LED_THT.3dshapes/LED_D3.0mm.wrl
      (at (xyz 0 0 0))
      (scale (xyz 1 1 1))
      (rotate (xyz 0 0 0))
    )
  )

  (module LED_THT:LED_D3.0mm (layer F.Cu) (tedit 587A3A7B) (tstamp 5D10E173)
    (at 107.25 81.75 270)
    (descr "LED, diameter 3.0mm, 2 pins")
    (tags "LED diameter 3.0mm 2 pins")
    (path /5D1122F9)
    (fp_text reference D4 (at 1.27 -2.96 90) (layer F.SilkS)
      (effects (font (size 1 1) (thickness 0.15)))
    )
    (fp_text value LED (at 1.27 2.96 90) (layer F.Fab)
      (effects (font (size 1 1) (thickness 0.15)))
    )
    (fp_line (start 3.7 -2.25) (end -1.15 -2.25) (layer F.CrtYd) (width 0.05))
    (fp_line (start 3.7 2.25) (end 3.7 -2.25) (layer F.CrtYd) (width 0.05))
    (fp_line (start -1.15 2.25) (end 3.7 2.25) (layer F.CrtYd) (width 0.05))
    (fp_line (start -1.15 -2.25) (end -1.15 2.25) (layer F.CrtYd) (width 0.05))
    (fp_line (start -0.29 1.08) (end -0.29 1.236) (layer F.SilkS) (width 0.12))
    (fp_line (start -0.29 -1.236) (end -0.29 -1.08) (layer F.SilkS) (width 0.12))
    (fp_line (start -0.23 -1.16619) (end -0.23 1.16619) (layer F.Fab) (width 0.1))
    (fp_circle (center 1.27 0) (end 2.77 0) (layer F.Fab) (width 0.1))
    (fp_arc (start 1.27 0) (end 0.229039 1.08) (angle -87.9) (layer F.SilkS) (width 0.12))
    (fp_arc (start 1.27 0) (end 0.229039 -1.08) (angle 87.9) (layer F.SilkS) (width 0.12))
    (fp_arc (start 1.27 0) (end -0.29 1.235516) (angle -108.8) (layer F.SilkS) (width 0.12))
    (fp_arc (start 1.27 0) (end -0.29 -1.235516) (angle 108.8) (layer F.SilkS) (width 0.12))
    (fp_arc (start 1.27 0) (end -0.23 -1.16619) (angle 284.3) (layer F.Fab) (width 0.1))
    (pad 2 thru_hole circle (at 2.54 0 270) (size 1.8 1.8) (drill 0.9) (layers *.Cu *.Mask)
      (net 8 "Net-(D4-Pad2)"))
    (pad 1 thru_hole rect (at 0 0 270) (size 1.8 1.8) (drill 0.9) (layers *.Cu *.Mask)
      (net 4 GNDPWR))
    (model ${KISYS3DMOD}/LED_THT.3dshapes/LED_D3.0mm.wrl
      (at (xyz 0 0 0))
      (scale (xyz 1 1 1))
      (rotate (xyz 0 0 0))
    )
  )

  (module LED_THT:LED_D3.0mm (layer F.Cu) (tedit 587A3A7B) (tstamp 5D10E186)
    (at 85 102.25)
    (descr "LED, diameter 3.0mm, 2 pins")
    (tags "LED diameter 3.0mm 2 pins")
    (path /5D112BFE)
    (fp_text reference D5 (at 1.27 -2.96) (layer F.SilkS)
      (effects (font (size 1 1) (thickness 0.15)))
    )
    (fp_text value LED (at 1.27 2.96) (layer F.Fab)
      (effects (font (size 1 1) (thickness 0.15)))
    )
    (fp_arc (start 1.27 0) (end -0.23 -1.16619) (angle 284.3) (layer F.Fab) (width 0.1))
    (fp_arc (start 1.27 0) (end -0.29 -1.235516) (angle 108.8) (layer F.SilkS) (width 0.12))
    (fp_arc (start 1.27 0) (end -0.29 1.235516) (angle -108.8) (layer F.SilkS) (width 0.12))
    (fp_arc (start 1.27 0) (end 0.229039 -1.08) (angle 87.9) (layer F.SilkS) (width 0.12))
    (fp_arc (start 1.27 0) (end 0.229039 1.08) (angle -87.9) (layer F.SilkS) (width 0.12))
    (fp_circle (center 1.27 0) (end 2.77 0) (layer F.Fab) (width 0.1))
    (fp_line (start -0.23 -1.16619) (end -0.23 1.16619) (layer F.Fab) (width 0.1))
    (fp_line (start -0.29 -1.236) (end -0.29 -1.08) (layer F.SilkS) (width 0.12))
    (fp_line (start -0.29 1.08) (end -0.29 1.236) (layer F.SilkS) (width 0.12))
    (fp_line (start -1.15 -2.25) (end -1.15 2.25) (layer F.CrtYd) (width 0.05))
    (fp_line (start -1.15 2.25) (end 3.7 2.25) (layer F.CrtYd) (width 0.05))
    (fp_line (start 3.7 2.25) (end 3.7 -2.25) (layer F.CrtYd) (width 0.05))
    (fp_line (start 3.7 -2.25) (end -1.15 -2.25) (layer F.CrtYd) (width 0.05))
    (pad 1 thru_hole rect (at 0 0) (size 1.8 1.8) (drill 0.9) (layers *.Cu *.Mask)
      (net 4 GNDPWR))
    (pad 2 thru_hole circle (at 2.54 0) (size 1.8 1.8) (drill 0.9) (layers *.Cu *.Mask)
      (net 9 "Net-(D5-Pad2)"))
    (model ${KISYS3DMOD}/LED_THT.3dshapes/LED_D3.0mm.wrl
      (at (xyz 0 0 0))
      (scale (xyz 1 1 1))
      (rotate (xyz 0 0 0))
    )
  )

  (module LED_THT:LED_D3.0mm (layer F.Cu) (tedit 587A3A7B) (tstamp 5D10E199)
    (at 98.5 117)
    (descr "LED, diameter 3.0mm, 2 pins")
    (tags "LED diameter 3.0mm 2 pins")
    (path /5D112C12)
    (fp_text reference D6 (at 1.27 -2.96) (layer F.SilkS)
      (effects (font (size 1 1) (thickness 0.15)))
    )
    (fp_text value LED (at 1.27 2.96) (layer F.Fab)
      (effects (font (size 1 1) (thickness 0.15)))
    )
    (fp_line (start 3.7 -2.25) (end -1.15 -2.25) (layer F.CrtYd) (width 0.05))
    (fp_line (start 3.7 2.25) (end 3.7 -2.25) (layer F.CrtYd) (width 0.05))
    (fp_line (start -1.15 2.25) (end 3.7 2.25) (layer F.CrtYd) (width 0.05))
    (fp_line (start -1.15 -2.25) (end -1.15 2.25) (layer F.CrtYd) (width 0.05))
    (fp_line (start -0.29 1.08) (end -0.29 1.236) (layer F.SilkS) (width 0.12))
    (fp_line (start -0.29 -1.236) (end -0.29 -1.08) (layer F.SilkS) (width 0.12))
    (fp_line (start -0.23 -1.16619) (end -0.23 1.16619) (layer F.Fab) (width 0.1))
    (fp_circle (center 1.27 0) (end 2.77 0) (layer F.Fab) (width 0.1))
    (fp_arc (start 1.27 0) (end 0.229039 1.08) (angle -87.9) (layer F.SilkS) (width 0.12))
    (fp_arc (start 1.27 0) (end 0.229039 -1.08) (angle 87.9) (layer F.SilkS) (width 0.12))
    (fp_arc (start 1.27 0) (end -0.29 1.235516) (angle -108.8) (layer F.SilkS) (width 0.12))
    (fp_arc (start 1.27 0) (end -0.29 -1.235516) (angle 108.8) (layer F.SilkS) (width 0.12))
    (fp_arc (start 1.27 0) (end -0.23 -1.16619) (angle 284.3) (layer F.Fab) (width 0.1))
    (pad 2 thru_hole circle (at 2.54 0) (size 1.8 1.8) (drill 0.9) (layers *.Cu *.Mask)
      (net 10 "Net-(D6-Pad2)"))
    (pad 1 thru_hole rect (at 0 0) (size 1.8 1.8) (drill 0.9) (layers *.Cu *.Mask)
      (net 4 GNDPWR))
    (model ${KISYS3DMOD}/LED_THT.3dshapes/LED_D3.0mm.wrl
      (at (xyz 0 0 0))
      (scale (xyz 1 1 1))
      (rotate (xyz 0 0 0))
    )
  )

  (module LED_THT:LED_D3.0mm (layer F.Cu) (tedit 587A3A7B) (tstamp 5D10E1AC)
    (at 137.75 113.5)
    (descr "LED, diameter 3.0mm, 2 pins")
    (tags "LED diameter 3.0mm 2 pins")
    (path /5D115750)
    (fp_text reference D7 (at 1.27 -2.96) (layer F.SilkS)
      (effects (font (size 1 1) (thickness 0.15)))
    )
    (fp_text value LED (at 1.27 2.96) (layer F.Fab)
      (effects (font (size 1 1) (thickness 0.15)))
    )
    (fp_arc (start 1.27 0) (end -0.23 -1.16619) (angle 284.3) (layer F.Fab) (width 0.1))
    (fp_arc (start 1.27 0) (end -0.29 -1.235516) (angle 108.8) (layer F.SilkS) (width 0.12))
    (fp_arc (start 1.27 0) (end -0.29 1.235516) (angle -108.8) (layer F.SilkS) (width 0.12))
    (fp_arc (start 1.27 0) (end 0.229039 -1.08) (angle 87.9) (layer F.SilkS) (width 0.12))
    (fp_arc (start 1.27 0) (end 0.229039 1.08) (angle -87.9) (layer F.SilkS) (width 0.12))
    (fp_circle (center 1.27 0) (end 2.77 0) (layer F.Fab) (width 0.1))
    (fp_line (start -0.23 -1.16619) (end -0.23 1.16619) (layer F.Fab) (width 0.1))
    (fp_line (start -0.29 -1.236) (end -0.29 -1.08) (layer F.SilkS) (width 0.12))
    (fp_line (start -0.29 1.08) (end -0.29 1.236) (layer F.SilkS) (width 0.12))
    (fp_line (start -1.15 -2.25) (end -1.15 2.25) (layer F.CrtYd) (width 0.05))
    (fp_line (start -1.15 2.25) (end 3.7 2.25) (layer F.CrtYd) (width 0.05))
    (fp_line (start 3.7 2.25) (end 3.7 -2.25) (layer F.CrtYd) (width 0.05))
    (fp_line (start 3.7 -2.25) (end -1.15 -2.25) (layer F.CrtYd) (width 0.05))
    (pad 1 thru_hole rect (at 0 0) (size 1.8 1.8) (drill 0.9) (layers *.Cu *.Mask)
      (net 2 GND))
    (pad 2 thru_hole circle (at 2.54 0) (size 1.8 1.8) (drill 0.9) (layers *.Cu *.Mask)
      (net 11 "Net-(D7-Pad2)"))
    (model ${KISYS3DMOD}/LED_THT.3dshapes/LED_D3.0mm.wrl
      (at (xyz 0 0 0))
      (scale (xyz 1 1 1))
      (rotate (xyz 0 0 0))
    )
  )

  (module Connector_PinHeader_2.54mm:PinHeader_1x02_P2.54mm_Vertical (layer F.Cu) (tedit 59FED5CC) (tstamp 5D10E1C2)
    (at 94.75 118 180)
    (descr "Through hole straight pin header, 1x02, 2.54mm pitch, single row")
    (tags "Through hole pin header THT 1x02 2.54mm single row")
    (path /5D118F3C)
    (fp_text reference JP1 (at 0 -2.33) (layer F.SilkS)
      (effects (font (size 1 1) (thickness 0.15)))
    )
    (fp_text value Relay_JP (at 0 4.87) (layer F.Fab)
      (effects (font (size 1 1) (thickness 0.15)))
    )
    (fp_line (start -0.635 -1.27) (end 1.27 -1.27) (layer F.Fab) (width 0.1))
    (fp_line (start 1.27 -1.27) (end 1.27 3.81) (layer F.Fab) (width 0.1))
    (fp_line (start 1.27 3.81) (end -1.27 3.81) (layer F.Fab) (width 0.1))
    (fp_line (start -1.27 3.81) (end -1.27 -0.635) (layer F.Fab) (width 0.1))
    (fp_line (start -1.27 -0.635) (end -0.635 -1.27) (layer F.Fab) (width 0.1))
    (fp_line (start -1.33 3.87) (end 1.33 3.87) (layer F.SilkS) (width 0.12))
    (fp_line (start -1.33 1.27) (end -1.33 3.87) (layer F.SilkS) (width 0.12))
    (fp_line (start 1.33 1.27) (end 1.33 3.87) (layer F.SilkS) (width 0.12))
    (fp_line (start -1.33 1.27) (end 1.33 1.27) (layer F.SilkS) (width 0.12))
    (fp_line (start -1.33 0) (end -1.33 -1.33) (layer F.SilkS) (width 0.12))
    (fp_line (start -1.33 -1.33) (end 0 -1.33) (layer F.SilkS) (width 0.12))
    (fp_line (start -1.8 -1.8) (end -1.8 4.35) (layer F.CrtYd) (width 0.05))
    (fp_line (start -1.8 4.35) (end 1.8 4.35) (layer F.CrtYd) (width 0.05))
    (fp_line (start 1.8 4.35) (end 1.8 -1.8) (layer F.CrtYd) (width 0.05))
    (fp_line (start 1.8 -1.8) (end -1.8 -1.8) (layer F.CrtYd) (width 0.05))
    (fp_text user %R (at 0 1.27 90) (layer F.Fab)
      (effects (font (size 1 1) (thickness 0.15)))
    )
    (pad 1 thru_hole rect (at 0 0 180) (size 1.7 1.7) (drill 1) (layers *.Cu *.Mask)
      (net 4 GNDPWR))
    (pad 2 thru_hole oval (at 0 2.54 180) (size 1.7 1.7) (drill 1) (layers *.Cu *.Mask)
      (net 6 "Net-(D2-Pad2)"))
    (model ${KISYS3DMOD}/Connector_PinHeader_2.54mm.3dshapes/PinHeader_1x02_P2.54mm_Vertical.wrl
      (at (xyz 0 0 0))
      (scale (xyz 1 1 1))
      (rotate (xyz 0 0 0))
    )
  )

  (module Mizz_lib:XT60_F (layer F.Cu) (tedit 5D00BA1D) (tstamp 5D10E1CE)
    (at 87.5 108.5)
    (path /5D12B8D3)
    (fp_text reference P1 (at 0 3) (layer F.Fab)
      (effects (font (size 1 1) (thickness 0.15)))
    )
    (fp_text value OUT (at 0 -3) (layer F.SilkS)
      (effects (font (size 1 1) (thickness 0.15)))
    )
    (fp_line (start 8 -4) (end 8 4) (layer F.SilkS) (width 0.15))
    (fp_line (start -8 -1.5) (end -8 1.5) (layer F.SilkS) (width 0.15))
    (fp_line (start -5 -4) (end 8 -4) (layer F.SilkS) (width 0.15))
    (fp_line (start -8 -1.5) (end -5 -4) (layer F.SilkS) (width 0.15))
    (fp_line (start -5 4) (end 8 4) (layer F.SilkS) (width 0.15))
    (fp_line (start -8 1.5) (end -5 4) (layer F.SilkS) (width 0.15))
    (pad 2 thru_hole circle (at 3.5 0) (size 6.5 6.5) (drill 4.5) (layers *.Cu *.Mask F.SilkS)
      (net 12 OUT))
    (pad 1 thru_hole circle (at -3.5 0) (size 6.5 6.5) (drill 4.5) (layers *.Cu *.Mask F.SilkS)
      (net 4 GNDPWR))
    (model "C:/Users/81906/Documents/Ki-Cad_Lib/3Dmodel/XT60_f/XT60 Buchse.stp"
      (at (xyz 0 0 0))
      (scale (xyz 1 1 1))
      (rotate (xyz 0 0 0))
    )
  )

  (module Mizz_lib:XA_2P (layer F.Cu) (tedit 5CFF4DEE) (tstamp 5D12F480)
    (at 156 105.25 90)
    (path /5D12C9BB)
    (fp_text reference P2 (at 1.25 -4.25 90) (layer F.SilkS) hide
      (effects (font (size 1 1) (thickness 0.15)))
    )
    (fp_text value 5V_OUT (at 5 -4 90) (layer F.SilkS)
      (effects (font (size 0.8 0.8) (thickness 0.2)))
    )
    (fp_line (start 5 -3.2) (end -2.5 -3.2) (layer F.SilkS) (width 0.5))
    (fp_line (start 5 3.2) (end 5 -3.2) (layer F.SilkS) (width 0.5))
    (fp_line (start -2.5 -3.2) (end -2.5 3.2) (layer F.SilkS) (width 0.5))
    (fp_line (start 3 3.2) (end 5 3.2) (layer F.SilkS) (width 0.5))
    (fp_line (start 3 2.2) (end 3 3.2) (layer F.SilkS) (width 0.5))
    (fp_line (start -0.5 2.2) (end 3 2.2) (layer F.SilkS) (width 0.5))
    (fp_line (start -0.5 3.2) (end -0.5 2.2) (layer F.SilkS) (width 0.5))
    (fp_line (start -2.5 3.2) (end -0.5 3.2) (layer F.SilkS) (width 0.5))
    (pad 1 thru_hole oval (at 2.5 0 90) (size 1.5 2.5) (drill 1) (layers *.Cu *.Mask F.SilkS)
      (net 2 GND))
    (pad 2 thru_hole oval (at 0 0 90) (size 1.5 2.5) (drill 1) (layers *.Cu *.Mask F.SilkS)
      (net 1 +5V))
    (model C:/Users/81906/Documents/Ki-Cad_Lib/3Dmodel/B02B-XASK-1N/B02B-XASK-1N.STEP
      (offset (xyz 1.25 0 0))
      (scale (xyz 1 1 1))
      (rotate (xyz -90 0 0))
    )
  )

  (module Mizz_lib:XA_2P (layer F.Cu) (tedit 5CFF4DEE) (tstamp 5D12F432)
    (at 156 112.75 90)
    (path /5D12FB0E)
    (fp_text reference P3 (at 1.25 -4.25 90) (layer F.SilkS) hide
      (effects (font (size 1 1) (thickness 0.15)))
    )
    (fp_text value 5V_OUT (at 5 -4 90) (layer F.SilkS)
      (effects (font (size 0.8 0.8) (thickness 0.2)))
    )
    (fp_line (start 5 -3.2) (end -2.5 -3.2) (layer F.SilkS) (width 0.5))
    (fp_line (start 5 3.2) (end 5 -3.2) (layer F.SilkS) (width 0.5))
    (fp_line (start -2.5 -3.2) (end -2.5 3.2) (layer F.SilkS) (width 0.5))
    (fp_line (start 3 3.2) (end 5 3.2) (layer F.SilkS) (width 0.5))
    (fp_line (start 3 2.2) (end 3 3.2) (layer F.SilkS) (width 0.5))
    (fp_line (start -0.5 2.2) (end 3 2.2) (layer F.SilkS) (width 0.5))
    (fp_line (start -0.5 3.2) (end -0.5 2.2) (layer F.SilkS) (width 0.5))
    (fp_line (start -2.5 3.2) (end -0.5 3.2) (layer F.SilkS) (width 0.5))
    (pad 1 thru_hole oval (at 2.5 0 90) (size 1.5 2.5) (drill 1) (layers *.Cu *.Mask F.SilkS)
      (net 2 GND))
    (pad 2 thru_hole oval (at 0 0 90) (size 1.5 2.5) (drill 1) (layers *.Cu *.Mask F.SilkS)
      (net 1 +5V))
    (model C:/Users/81906/Documents/Ki-Cad_Lib/3Dmodel/B02B-XASK-1N/B02B-XASK-1N.STEP
      (offset (xyz 1.25 0 0))
      (scale (xyz 1 1 1))
      (rotate (xyz -90 0 0))
    )
  )

  (module Mizz_lib:XT60_M (layer F.Cu) (tedit 5D00BA3A) (tstamp 5D10E1F6)
    (at 87.5 96)
    (path /5D106A36)
    (fp_text reference P4 (at 0 3) (layer F.Fab)
      (effects (font (size 1 1) (thickness 0.15)))
    )
    (fp_text value BATT_IN (at 0 -3) (layer F.SilkS)
      (effects (font (size 1 1) (thickness 0.15)))
    )
    (fp_line (start 8 -4) (end 8 4) (layer F.SilkS) (width 0.15))
    (fp_line (start -8 -1.5) (end -8 1.5) (layer F.SilkS) (width 0.15))
    (fp_line (start -5 -4) (end 8 -4) (layer F.SilkS) (width 0.15))
    (fp_line (start -8 -1.5) (end -5 -4) (layer F.SilkS) (width 0.15))
    (fp_line (start -5 4) (end 8 4) (layer F.SilkS) (width 0.15))
    (fp_line (start -8 1.5) (end -5 4) (layer F.SilkS) (width 0.15))
    (pad 2 thru_hole circle (at 3.5 0) (size 6.5 6.5) (drill 4.5) (layers *.Cu *.Mask F.SilkS)
      (net 13 +BATT))
    (pad 1 thru_hole circle (at -3.5 0) (size 6.5 6.5) (drill 4.5) (layers *.Cu *.Mask F.SilkS)
      (net 4 GNDPWR))
    (model "C:/Users/81906/Documents/Ki-Cad_Lib/3Dmodel/XT60_m/XT60 Stecker.stp"
      (at (xyz 0 0 0))
      (scale (xyz 1 1 1))
      (rotate (xyz 0 0 0))
    )
  )

  (module Mizz_lib:XA_2P (layer F.Cu) (tedit 5CFF4DEE) (tstamp 5D10E204)
    (at 99.5 88.5 90)
    (path /5D107208)
    (fp_text reference P5 (at 1.25 -4.25 90) (layer F.SilkS) hide
      (effects (font (size 1 1) (thickness 0.15)))
    )
    (fp_text value CONN_01X02 (at 5 -4 90) (layer F.SilkS)
      (effects (font (size 0.8 0.8) (thickness 0.2)))
    )
    (fp_line (start -2.5 3.2) (end -0.5 3.2) (layer F.SilkS) (width 0.5))
    (fp_line (start -0.5 3.2) (end -0.5 2.2) (layer F.SilkS) (width 0.5))
    (fp_line (start -0.5 2.2) (end 3 2.2) (layer F.SilkS) (width 0.5))
    (fp_line (start 3 2.2) (end 3 3.2) (layer F.SilkS) (width 0.5))
    (fp_line (start 3 3.2) (end 5 3.2) (layer F.SilkS) (width 0.5))
    (fp_line (start -2.5 -3.2) (end -2.5 3.2) (layer F.SilkS) (width 0.5))
    (fp_line (start 5 3.2) (end 5 -3.2) (layer F.SilkS) (width 0.5))
    (fp_line (start 5 -3.2) (end -2.5 -3.2) (layer F.SilkS) (width 0.5))
    (pad 2 thru_hole oval (at 0 0 90) (size 1.5 2.5) (drill 1) (layers *.Cu *.Mask F.SilkS)
      (net 16 "Net-(D1-Pad3)"))
    (pad 1 thru_hole oval (at 2.5 0 90) (size 1.5 2.5) (drill 1) (layers *.Cu *.Mask F.SilkS)
      (net 3 batt+))
    (model C:/Users/81906/Documents/Ki-Cad_Lib/3Dmodel/B02B-XASK-1N/B02B-XASK-1N.STEP
      (offset (xyz 1.25 0 0))
      (scale (xyz 1 1 1))
      (rotate (xyz -90 0 0))
    )
  )

  (module Mizz_lib:XA_2P (layer F.Cu) (tedit 5CFF4DEE) (tstamp 5D12F40B)
    (at 156 97.75 90)
    (path /5D131269)
    (fp_text reference P6 (at 1.25 -4.25 90) (layer F.SilkS) hide
      (effects (font (size 1 1) (thickness 0.15)))
    )
    (fp_text value 5V_OUT (at 5 -4 90) (layer F.SilkS)
      (effects (font (size 0.8 0.8) (thickness 0.2)))
    )
    (fp_line (start -2.5 3.2) (end -0.5 3.2) (layer F.SilkS) (width 0.5))
    (fp_line (start -0.5 3.2) (end -0.5 2.2) (layer F.SilkS) (width 0.5))
    (fp_line (start -0.5 2.2) (end 3 2.2) (layer F.SilkS) (width 0.5))
    (fp_line (start 3 2.2) (end 3 3.2) (layer F.SilkS) (width 0.5))
    (fp_line (start 3 3.2) (end 5 3.2) (layer F.SilkS) (width 0.5))
    (fp_line (start -2.5 -3.2) (end -2.5 3.2) (layer F.SilkS) (width 0.5))
    (fp_line (start 5 3.2) (end 5 -3.2) (layer F.SilkS) (width 0.5))
    (fp_line (start 5 -3.2) (end -2.5 -3.2) (layer F.SilkS) (width 0.5))
    (pad 2 thru_hole oval (at 0 0 90) (size 1.5 2.5) (drill 1) (layers *.Cu *.Mask F.SilkS)
      (net 1 +5V))
    (pad 1 thru_hole oval (at 2.5 0 90) (size 1.5 2.5) (drill 1) (layers *.Cu *.Mask F.SilkS)
      (net 2 GND))
    (model C:/Users/81906/Documents/Ki-Cad_Lib/3Dmodel/B02B-XASK-1N/B02B-XASK-1N.STEP
      (offset (xyz 1.25 0 0))
      (scale (xyz 1 1 1))
      (rotate (xyz -90 0 0))
    )
  )

  (module Mizz_lib:XA_2P (layer F.Cu) (tedit 5CFF4DEE) (tstamp 5D12F459)
    (at 156 90.25 90)
    (path /5D131295)
    (fp_text reference P7 (at 1.25 -4.25 90) (layer F.SilkS) hide
      (effects (font (size 1 1) (thickness 0.15)))
    )
    (fp_text value 5V_OUT (at 5 -4 90) (layer F.SilkS)
      (effects (font (size 0.8 0.8) (thickness 0.2)))
    )
    (fp_line (start 5 -3.2) (end -2.5 -3.2) (layer F.SilkS) (width 0.5))
    (fp_line (start 5 3.2) (end 5 -3.2) (layer F.SilkS) (width 0.5))
    (fp_line (start -2.5 -3.2) (end -2.5 3.2) (layer F.SilkS) (width 0.5))
    (fp_line (start 3 3.2) (end 5 3.2) (layer F.SilkS) (width 0.5))
    (fp_line (start 3 2.2) (end 3 3.2) (layer F.SilkS) (width 0.5))
    (fp_line (start -0.5 2.2) (end 3 2.2) (layer F.SilkS) (width 0.5))
    (fp_line (start -0.5 3.2) (end -0.5 2.2) (layer F.SilkS) (width 0.5))
    (fp_line (start -2.5 3.2) (end -0.5 3.2) (layer F.SilkS) (width 0.5))
    (pad 1 thru_hole oval (at 2.5 0 90) (size 1.5 2.5) (drill 1) (layers *.Cu *.Mask F.SilkS)
      (net 2 GND))
    (pad 2 thru_hole oval (at 0 0 90) (size 1.5 2.5) (drill 1) (layers *.Cu *.Mask F.SilkS)
      (net 1 +5V))
    (model C:/Users/81906/Documents/Ki-Cad_Lib/3Dmodel/B02B-XASK-1N/B02B-XASK-1N.STEP
      (offset (xyz 1.25 0 0))
      (scale (xyz 1 1 1))
      (rotate (xyz -90 0 0))
    )
  )

  (module Mizz_lib:XA_2P (layer F.Cu) (tedit 5CFF4DEE) (tstamp 5D10E22E)
    (at 116 117 180)
    (path /5D110066)
